RainIntensity: 0.5217391
WaveSpeed: 0.5118821
WaveLength: 0.994059
WaveAmplitude: 0.009498226
SecondWaveLength: 0.1666667
SecondWaveAmplitude: 0
Clouds: 1
PlacedObjects: FairyParticleSettings><391.653><48.32513><9~-360.3398~0~4.260851~5.891286~0.02173913~1.716524~2.785407~309.7825~500~326.087~1000~32.3913~41.73924~219.1303~258.2608~0.5~0.7~0~0~0.5760867~1~1~0.2282609~6.791306~Circle~LINEAR~SIN_IO~0~0~2.391304, ColoredSnowSource><928.8295><588.6455><-41~69~0~100~27~Radial~False~-359^-354, ColoredSnowSource><691.5668><365.3302><201~160~0~100~0~None~True~58^-3, ColoredSnowSource><685><1064><201~160~0~100~0~None~True~58^-3, ColoredSnowSource><862><1289><-41~69~0~100~27~Radial~False~-359^-354, ColoredSnowSource><912><2137><-41~69~0~100~27~Radial~False~-359^-354, ColoredSnowSource><679><1762><201~160~0~100~0~None~True~58^-3, ColoredSnowSource><688.0001><2460><201~160~0~100~0~None~True~58^-3, ColoredSnowSource><922.0001><2750><-41~69~0~100~27~Radial~False~-359^-354, 
FadePalette: 17, 0.9021741, 0.8478262, 0.8152176, 0.7717393
