WaveSpeed: 0.5001763
WaveLength: 0.9999118
WaveAmplitude: 1.586542E-10
SecondWaveLength: 0.1666667
SecondWaveAmplitude: 0
PlacedObjects: FairyParticleSettings><-9.927368><16.65741><19~-372.3398~0~4.260851~5.891286~0.02173913~1.716524~2.835505~293.4782~500~684.7827~1000~8.913016~57.39138~117.3912~136.9565~0.5~0.7~0~0~1~1~1~0.2282609~6.791306~Circle~LINEAR~SIN_IO~0~0~2.391304, 
