WaveSpeed: 0.4989054
WaveLength: 0.9994527
WaveAmplitude: 1.205562E-07
SecondWaveLength: 0.1666667
SecondWaveAmplitude: 0
Effects: FairyParticles-0.1304355-272-71, 
PlacedObjects: FairyParticleSettings><-11.31042><0.6861267><16~-374.3398~0~5.891302~6.43478~0~1~1.817255~418.4782~500~217.3913~304.3478~3.913043~6.521819~180~195.6522~0~0.7~0~0~0.2934783~1~0.06521739~0.02173913~6.791306~Circle~LINEAR~EXP~0~0~0, 
