WaveSpeed: 0.5009359
WaveLength: 0.999532
WaveAmplitude: 3.115897E-06
SecondWaveLength: 0.1666667
SecondWaveAmplitude: 0
Effects: FairyParticles-0.1304355-274-81, 
PlacedObjects: FairyParticleSettings><-24.10309><5.114227><16~-379.3398~0~5.891302~6.43478~0~1~1.817255~418.4782~500~217.3913~304.3478~3.913043~6.521819~180~195.6522~0~0.7~0~0~0.2934783~1~0.06521739~0.02173913~6.791306~Circle~LINEAR~EXP~0~0~0, 
