WaveSpeed: 0.5005575
WaveLength: 0.9997213
WaveAmplitude: 5.121872E-05
SecondWaveLength: 0.1666667
SecondWaveAmplitude: 0
Effects: FairyParticles-1-291-71, 
PlacedObjects: FairyParticleSettings><-18.60568><1595.17><42.99997~-363.3398~0~4.260851~5.891286~0.02173913~1.716524~2.835505~293.4782~500~684.7827~1000~8.913016~57.39138~117.3912~136.9565~0.5~0.7~0~0~1~1~1~0.2282609~6.791306~Circle~LINEAR~SIN_IO~0~0~2.391304, 
