WaveSpeed: 0.4995814
WaveLength: 0.9997907
WaveAmplitude: 2.195099E-07
SecondWaveLength: 0.1666667
SecondWaveAmplitude: 0
PlacedObjects: FairyParticleSettings><1013.047><2996.194><195.9999~-391.3398~0~4.260851~5.891286~0.02173913~1.716524~2.785407~309.7825~500~326.087~1000~32.3913~41.73924~219.1303~258.2608~0.5~0.7~0~0~0.5760867~0.4021735~1~0.2282609~6.791306~Circle~LINEAR~SIN_IO~0~0~2.391304, 
BackgroundType: backgroundtest1.txt
