WaveSpeed: 0.4994994
WaveLength: 0.9997497
WaveAmplitude: 0.001250428
SecondWaveLength: 0.1666667
SecondWaveAmplitude: 0
PlacedObjects: FairyParticleSettings><137.5896><920.9288><5~8.660254~0~5.891302~6.43478~0~1~1.817255~418.4782~500~217.3913~304.3478~3.913043~6.521819~238.6957~183.913~0~0.7~0~0~0~0.2282609~0.06521739~0.02173913~6.791306~Circle~LINEAR~EXP~0~0~0, 
