Template: NONE
DangerType: None
WaveSpeed: 0.5138663
WaveLength: 0.9930668
WaveAmplitude: 0.03187898
SecondWaveLength: 0.1666667
SecondWaveAmplitude: 0
Clouds: 1
Grime: 0
Palette: 1
Effects: Lightning-0.2608696-27-124, 
FadePalette: 17, 0.8260869
