Template: tx_settingstemplate_underhang
WaveSpeed: 0.5018637
WaveLength: 0.9990681
WaveAmplitude: 3.323535E-09
SecondWaveLength: 0.1666667
SecondWaveAmplitude: 0
Effects: FairyParticles-0.05434782-282-76, 
PlacedObjects: FairyParticleSettings><1136.447><1448.285><18~-360.3398~0~5.891302~6.43478~0~1~1.817255~418.4782~500~217.3913~304.3478~3.913043~6.521819~180~195.6522~0~0.7~0~0~0.2934783~1~0.06521739~0.02173913~6.791306~Circle~LINEAR~EXP~0~0~0, LightSource><763.9371><1256.679><0.7065217~Environment~-126.0001~14~59.99994~2.602539~0~0~None~0~0, LightSource><248.2718><901.8011><0.3804348~EffectColor1~-182.0001~226~-416~97.60254~0~0~Fade~0.01086957~0, LightSource><729><902><0.5108696~EffectColor2~-150.0001~275~-416~97.60254~0~0~Fade~0.0326087~0, LightSource><752><476><0.5217391~Environment~-142.0001~-15~59.99994~2.602539~0~0~None~0~0, LightSource><223><382><0.5217391~Environment~-142.0001~-15~59.99994~2.602539~0~0~None~0~0, LightFixture><751><41><RedLight~17.32051~-10~0, LightSource><237><1351><0.2717391~Environment~-174.0001~-23~59.99994~2.602539~0~0~None~0~0, 
FadePalette: 17, 0.7934784, 0.7826089
