Grime: 0
Palette: 14
EffectColorA: 3
EffectColorB: 20
Effects: ExtraLoudThunder-0.4021739-20-134, Lightning-0.6521739-14-74, GreenSparks-0.6195652-17-17, FairyParticles-1-281-78, Coldness-0.01086957-273-12, 
PlacedObjects: FairyParticleSettings><2674.101><492.8272><5~8.660254~0~4.260851~5.891286~0.02173913~1.716524~2.785407~309.7825~500~326.087~1000~32.3913~41.73924~219.1303~258.2608~0.5~0.7~0~0~0.5760867~0.4021735~1~0.2282609~6.791306~Circle~LINEAR~SIN_IO~0~0~2.391304, SnowSource><180.1458><599.3632><Strip~290~34~50~86.60254~0.7173913~1, SnowSource><598.8021><319.2787><Radial~-75~211~50~86.60254~0.5760869~1, SnowSource><1500><456><Strip~-476~-8~50~86.60254~1~1, SnowSource><1307><277><Strip~-519~141~50~86.60254~0.7173913~0.6956522, SnowSource><2402><276><Strip~-329~-10~50~86.60254~0.3586957~0, FanLight><-9.300781><913.1935><53.3205~-343~64~0~1~0.1521739~50~FanLightMask1~-7~-71~0~0, FanLight><826><751><52.32056~-40~64~0~1~0.173913~50~FanLightMask1~-15~-102~0~0, FanLight><1753><767><176.3206~-46~64~0~1~0.4565217~100~FanLightMask1~-2~-25~0~0, FanLight><1672><769><176.3206~-46~64~0~1~0.4565217~100~FanLightMask1~-2~-25~0~0, FanLight><1594><769><176.3206~-46~64~0~1~0.4565217~100~FanLightMask1~-2~-25~0~0, FanLight><1513><771><176.3206~-46~64~0~1~0.4565217~100~FanLightMask1~-2~-25~0~0, LightFixture><2863.18><720.5627><RedLight~17.32051~-10~5, LightFixture><3121.962><315.5536><RedLight~17.32051~-10~82, LightSource><2863.84><323.8212><1~Environment~-65~45~50~86.60254~0~0~None~0~0, LightSource><2431.892><386.8318><0.5434783~Environment~-80~-175~50~86.60254~0~0~None~0~0, LightSource><1948><386><0.5434783~Environment~-80~-175~50~86.60254~0~0~None~0~0, LightSource><1468><386><0.5434783~Environment~-80~-175~50~86.60254~0~0~None~0~0, LightSource><995><384><0.5434783~Environment~-80~-175~7~-41.39746~0~0~None~0~0, LightSource><1784><477><1~Environment~-65~45~50~86.60254~0~0~None~0~0, 
FadePalette: 17, 0.6521739, 0.7065217, 0.7717391
WetTerrain: OFF
