Template: TX_SettingsTemplate_Wall
Clouds: 0.1413043
Grime: 0
Palette: 1
EffectColorA: 8
EffectColorB: 20
PlacedObjects: DangleFruit><491.7854><290.9468><5~115~1~3, DangleFruit><514.5634><250.928><16~-148~1~3, DangleFruit><556.043><265.8047><0~0~1~3, 
FadePalette: 10, 0.3478261
BackgroundType: backgroundtest1.txt
