Template: tx_settingstemplate_wall
DangerType: Blizzard
RainIntensity: 0.05434782
RumbleIntensity: 0.2282609
WaveSpeed: 0.4999632
WaveLength: 0.9863946
WaveAmplitude: 0.002717226
SecondWaveLength: 0.1666667
SecondWaveAmplitude: 0
Clouds: 0.1413043
Grime: 0
Palette: 1
EffectColorA: 8
EffectColorB: 20
PlacedObjects: DangleFruit><491.7854><290.9468><5~115~1~3, DangleFruit><514.5634><250.928><16~-148~1~3, DangleFruit><556.043><265.8047><0~0~1~3, 
FadePalette: 10, 0.3478261
