DangerType: Flood
CeilingDrips: 0.7826087
RainIntensity: 0
WaveSpeed: 0.5
WaveLength: 1
WaveAmplitude: 0.001560648
SecondWaveLength: 0.1666667
SecondWaveAmplitude: 0
Clouds: 1
Grime: 0.04347826
Palette: 0
EffectColorA: 20
EffectColorB: 5
Effects: WaterDepth-0.1304348-20-20, ZeroG-0.1304348-25-81, 
AmbientSounds: OMNI><AM_IND-SuperStructure.ogg><862.0596><600.6886><0.3804348><1, OMNI><AM_IND-ElectricHum01.ogg><855.3726><523.342><0.4347826><1, 
FadePalette: 8, 0.8478261
