DangerType: None
CeilingDrips: 0
RainIntensity: 0
RumbleIntensity: 0
Grime: 0
Palette: 23
Effects: ZeroG-1-20-20, SunBlock-0-287-25, 
PlacedObjects: FanLight><291.5764><569.8492><-335.6795~-90~65~0~0~1~35~FanLightMask1~-14~-15~100~0, FanLight><842><601><54.32056~-78~65~0~0~1~70~FanLightMask1~-4~-21~100~0, PWLightrod><498.0508><62.51819><348.3205~-41~0.1956522~90~146.0869~0.07608695~1~0.173913~0~1~0.173913~0~1~0.173913~0~1~0.173913~0~1~0.173913~0~1~0.173913~0~1~0.173913~0~1~0.173913~0~1~0.173913~0~1~0.173913~0, PWLightrod><439.0537><401.4617><57.3205~-68~0.173913~90~253.4782~0.07608695~1~0.173913~0~1~0.173913~0~1~0.173913~0~1~0.173913~0~1~0.173913~0~1~0.173913~0~1~0.173913~0~1~0.173913~0~1~0.173913~0~1~0.173913~0, LightSource><75.57837><328.8973><1~Environment~0~100~-236~21.60254~0~0~None~0~0, LightSource><209.4023><92.67453><0.5760869~Environment~0~100~-264~-87.39746~0~0~None~0~0, LightSource><851.2754><468.6984><0.6086956~Environment~0~100~-1~-170.3975~0~0~None~0~0, LightSource><690.8109><620.3152><0.6086956~Environment~-28~-108~-145~-133.3975~0~0~None~0~0, SuperStructureFuses><268.8301><218.9332><57~43, SuperStructureFuses><448.989><209.5503><224~56, LightSource><847><148><1~Environment~0~100~-236~21.60254~0~0~None~0~0, 
FadePalette: 17, 0.5326087
