DangerType: None
CeilingDrips: 0
RainIntensity: 0
RumbleIntensity: 0
Clouds: 0
Grime: 0
RandomItemDensity: 0.4347826
RandomItemSpearChance: 0.05869558
Palette: 23
Effects: SunBlock-0-20-20, ZeroG-1-23-76, ZeroGSpecks-0.5543478-282-18, LightBurn-0.1195652-21-133, 
PlacedObjects: GravityDisruptor><510.1779><390.0914><, PWLightrod><506.3963><737.1364><-317.6795~-150~0.25~180~253.4782~0.3043478~1~0.173913~0~1~0.173913~0~1~0.173913~0~1~0.173913~0~1~0.173913~0~1~0.173913~0~1~0.173913~0~1~0.173913~0~1~0.173913~0~1~0.173913~0~1~0.173913~0, PWLightrod><1034><390><-42.67944~201~0.25~270~542.6082~0.3043478~1~0.173913~0~1~0.173913~0~1~0.173913~0~1~0.173913~0~1~0.173913~0~1~0.173913~0~1~0.173913~0~1~0.173913~0~1~0.173913~0~1~0.173913~0~1~0.173913~0~1~0.173913~0, PWLightrod><22><389><-183.6795~114~0.2608696~90~418.6956~0.3043478~1~0.173913~0~1~0.173913~0~1~0.173913~0~1~0.173913~0~1~0.173913~0~1~0.173913~0~1~0.173913~0~1~0.173913~0~1~0.173913~0~1~0.173913~0~1~0.173913~0~1~0.173913~0, PWLightrod><510><8><-366.6795~-8~0.2391304~0~426.9565~0.2934783~1~0.173913~0~1~0.173913~0~1~0.173913~0~1~0.173913~0~1~0.173913~0~1~0.173913~0~1~0.173913~0~1~0.173913~0~1~0.173913~0~1~0.173913~0~1~0.173913~0~1~0.173913~0, ProjectedStars><510.9851><362.0505><-307~-5, SuperStructureFuses><853.1505><590.3683><76~82, SuperStructureFuses><69.74231><389.5501><55~95, DeepProcessing><-18.56702><15.81155><-5~676~1038~684~1023~-7~-101~124~0.4782609~1~0.1630435, ColouredLightSource><496.448><372.222><357~-15~FF2D00~-339^-184~0.08695652~True~0~0.1630435~1~Always~0~5, LightSource><836.0641><41.17636><1~Environment~0~100~118~188.6025~0~0~None~0~0, LightFixture><505.4063><360.1248><ZapCoilLight~109.3205~-105~32, SuperStructureFuses><873.6757><230.1857><61~75, SuperStructureFuses><457.5042><50.30005><113~41, 
AmbientSounds: SPOT><SO_SFX-Escape.ogg><42.86688><494.8507><0.3369565><0.9608696><509.8669><391.8507><-112.3553><-164.3553><0><0.404348, SPOT><AM_IND-SuperStructure.ogg><47.38147><376.9007><0.3043478><1><66.38147><653.9007><-94.35535><-133.3553><0><0.2195652, SPOT><AM_IND-SuperStructure.ogg><42.76617><260.8007><0.3152174><1><64.76617><70.80066><-39.35535><142.6447><0><0.1869565, SPOT><AM_IND-SuperStructure.ogg><226.7922><491.9455><0.2717391><1><908.7922><63.9455><-162.3553><42.64466><0><0.1434784, OMNI><AM_WIN-StrongWnd2.ogg><851.5759><595.4351><0.5><1, OMNI><AM_IND-DeepHum.ogg><849.0662><511.5612><0.4782609><1, 
FadePalette: 10, 0.4891304
