DangerType: None
CeilingDrips: 0
RainIntensity: 0
RumbleIntensity: 0
Grime: 0
Palette: 23
Effects: ZeroG-1-20-20, Bloom-0.5326087-21-80, SunBlock-0-274-24, SSSwarmers-0.1521739-270-79, ZeroGSpecks-0.2282609-25-127, 
PlacedObjects: CoralNeuron><318.1931><958.308><11~297, SuperStructureFuses><590.4552><1349.805><306~122, SuperStructureFuses><930.1326><1050.912><141~354, SuperStructureFuses><652.1996><969.2371><207~294, SuperStructureFuses><750.0637><808.9272><237~72, ZapCoil><130.6629><891.384><43~95, SuperStructureFuses><231.4307><1028.664><41~76, WallMycelia><272.8175><833.1882><0~100, SuperStructureFuses><330.3094><711.191><341~131, ZapCoil><496.5699><1094.163><35~244, ZapCoil><136.1638><1234.115><26~99, SuperStructureFuses><432.3115><11.18297><124~156, SuperStructureFuses><371.536><430.1967><137~201, SuperStructureFuses><693.1045><469.1705><246~162, SuperStructureFuses><29.11536><388.5866><223~83, SuperStructureFuses><71.31488><622.6892><226~108, ZapCoil><674.9039><50.37231><126~30, ZapCoil><849.6387><299.3942><42~52, ZapCoil><215.7191><46.30237><95~37, ZapCoil><136.4493><137.8065><39~119, WallMycelia><328.1946><1448.546><-4~-104, LightFixture><534.4174><1188.932><ZapCoilLight~17.32051~-10~59, LightFixture><137.6575><140.6233><ZapCoilLight~17.32051~-10~35, LightFixture><760.9304><75.586><ZapCoilLight~17.32051~-10~39, CoralNeuron><412.3034><190.7133><-141~161, WallMycelia><153.566><524.9215><70~9, WallMycelia><598.1568><547.8759><-19~-96, WallMycelia><482.8037><192.7115><-5~103, WallMycelia><325.2102><434.304><40~-73, LightFixture><147.0642><1283.824><ZapCoilLight~17.32051~-10~14, LightFixture><156.8918><922.359><ZapCoilLight~-190.6795~66~17, DeepProcessing><61.19165><77.94275><-11~1384~969~1403~978~8~-194~210~1~1~0.2826087, WallMycelia><781.1733><462.8153><-44~-67, CoralNeuron><567.5529><189.9429><104~267, LightSource><893.658><149.8773><1~Environment~33~112~-151~154.6025~0~0~None~0~0, LightSource><332.0563><594.2998><0.7608696~Environment~-138~-25~-78~-168.3975~0~0~None~0~0, LightSource><327.654><1463.825><1~Environment~-19~-130~-8~-169.3975~0~0~None~0~0, LightSource><509.3055><951.0469><1~Environment~-144~72~50~86.60254~0~0~None~0~0, 
