DangerType: None
RainIntensity: 0
RumbleIntensity: 0
Grime: 0
Palette: 23
Effects: ZeroG-1-20-20, Bloom-0.3695652-22-83, SunBlock-0-280-15, LightBurn-0.3586957-288-80, 
PlacedObjects: GravityDisruptor><986.3793><730.8474><, PWLightrod><989.3392><1210.929><99.32056~-68~0.1847826~180~460.0002~0.5~1~0.1630435~0~1~0.1630435~0~1~0.1630435~0~1~0.1630435~0~1~0.1630435~0~1~0.1630435~0~1~0.1630435~0, PWLightrod><48><729><192.3205~-209~0.1847826~90~800~0.5~1~0.1630435~0~1~0.1630435~0~1~0.1630435~0~1~0.1630435~0~1~0.1630435~0~1~0.1630435~0~1~0.1630435~0~1~0.1630435~0, PWLightrod><992><169><-98.67944~99~0.1847826~0~559.1299~0.5~1~0.1630435~0~1~0.1630435~0~1~0.1630435~0~1~0.1630435~0~1~0.1630435~0~1~0.1630435~0~1~0.1630435~0~1~0.1630435~0, PWLightrod><2000><729><-107.6794~-198~0.1847826~270~800~0.5~1~0.1630435~0~1~0.1630435~0~1~0.1630435~0~1~0.1630435~0~1~0.1630435~0~1~0.1630435~0~1~0.1630435~0~1~0.1630435~0, SuperStructureFuses><69.69128><850.6917><82~69, ProjectedStars><478.5923><1057.373><-236~-208, LightFixture><1447.179><394.9113><ZapCoilLight~17.32051~-10~35, LightFixture><994.8098><737.0617><ZapCoilLight~-10.67944~88~33, LightFixture><1448.324><1067.155><ZapCoilLight~17.32051~-10~34, LightFixture><540.8642><1063.586><ZapCoilLight~-9.679504~82~33, LightFixture><538.1976><385.7809><ZapCoilLight~17.32051~-10~25, SuperStructureFuses><912.6938><8.549259><198~214, SuperStructureFuses><70.85736><471.6687><78~144, SuperStructureFuses><1451.153><1270.129><103~136, SuperStructureFuses><1810.829><809.6464><114~118, 
FadePalette: 10, 0.3913043, 0.4021739, 0.4021739, 0.3913043
