DangerType: None
CeilingDrips: 0
RainIntensity: 0
RumbleIntensity: 0
Grime: 0
Palette: 23
Effects: ZeroG-1-20-20, ZeroGSpecks-0.2065217-16-75, SunBlock-0-282-18, 
PlacedObjects: LightSource><3914.577><160.1007><1~EffectColor2~-54~172~53~-85.39746~0~0~None~0~0, LightSource><228.4486><650.2736><1~Environment~-12~-121~255~-197.3975~0~0~None~0~0, PWLightrod><208.2852><653.3031><-318.6795~-200~0.4891304~180~575.6526~0.1413043~1~0.173913~0~1~0.173913~0~1~0.173913~0~1~0.173913~0, LightFixture><440.2609><365.4497><RedLight~17.32051~-10~34, LightFixture><-20.3259><260.3484><RedLight~17.32051~-10~38, LightFixture><-68.19427><633.2971><RedLight~17.32051~-10~68, LightFixture><1054.132><598.3383><RedLight~17.32051~-10~23, LightFixture><1367.442><387.4424><RedLight~17.32051~-10~74, LightFixture><1372.085><90.3627><RedLight~17.32051~-10~7, LightFixture><2125.547><425.6943><RedLight~17.32051~-10~87, LightFixture><2495.358><50.14114><RedLight~17.32051~-10~13, LightFixture><2854.505><385.4499><RedLight~17.32051~-10~30, LightFixture><3990.622><544.1584><RedLight~-318.6795~56~56, LightFixture><3393.562><92.56915><RedLight~17.32051~-10~81, LightSource><1960><115><1~EffectColor2~-68~120~53~-85.39746~0~0~None~0~0, LightSource><3528><476><1~EffectColor1~-228~153~53~-85.39746~0~0~None~0~0, LightSource><2141><72><1~EffectColor2~-46~126~53~-85.39746~0~0~None~0~0, LightSource><2730><31><1~EffectColor1~-116~160~53~-85.39746~0~0~None~0~0, LightSource><1924><488><1~EffectColor1~-47~125~53~-85.39746~0~0~None~0~0, LightSource><2612><542><0.75~EffectColor1~-217~-90~255~-197.3975~0~0~None~0~0, LightSource><1607><424><1~EffectColor2~-12~-121~255~-197.3975~0~0~None~0~0, LightSource><1680><51><1~EffectColor1~-111~-174~95~-62.39751~0~0~None~0~0, LightSource><1047><34><1~EffectColor2~-33~-207~300~43.60249~0~0~None~0~0, LightSource><829><436><1~EffectColor1~-274~-107~95~-62.39751~0~0~None~0~0, LightSource><578><31><1~EffectColor1~-288~60~95~-62.39751~0~0~None~0~0, LightSource><191><53><1~EffectColor2~-12~-121~95~-62.39751~0~0~None~0~0, LightSource><368><550><1~EffectColor1~-120~-141~95~-62.39751~0~0~None~0~0, PWLightrod><245><652><-318.6795~-200~0.4891304~180~575.6526~0.1413043~1~0.173913~0~1~0.173913~0~1~0.173913~0~1~0.173913~0~1~0.173913~0, PWLightrod><168><648><-318.6795~-200~0.4891304~180~575.6526~0.1413043~1~0.173913~0~1~0.173913~0~1~0.173913~0~1~0.173913~0~1~0.173913~0~1~0.173913~0, 
FadePalette: 99, 0, 0.1413043, 0.3478261, 0.5543478
