DangerType: None
RainIntensity: 0
RumbleIntensity: 0
Clouds: 1
Palette: 24
EffectColorA: 20
EffectColorB: 5
Effects: ZeroG-1-21-76, ZeroGSpecks-0.3152174-20-20, SunBlock-1-282-19, 
PlacedObjects: PWLightrod><997.4697><718.9477><-136.6794~-445~0.6304348~225~800~0.25~1~0.4456522~0~1~0.173913~0~1~0.173913~0~1~0.173913~0~1~0.4456522~0~1~0.173913~0~1~0.173913~0~1~0.173913~0~1~0.173913~0, PWLightrod><434><155><-336.6795~34~0.6304348~225~304.3478~0.25~1~0.4456522~0~1~0.4456522~0~1~0.173913~0~1~0.173913~0~1~0.173913~0~1~0.4456522~0~1~0.173913~0~1~0.173913~0~1~0.173913~0~1~0.173913~0, PWLightrod><1001><469><-379.6795~-35~0.6304348~225~800~0.2500005~1~0.4456522~0~1~0.173913~0~1~0.4456522~0~1~0.173913~0~1~0.1739129~0~1~0.4456522~0~1~0.1739129~0~1~0.1739129~0~1~0.1739136~0~1~0.1739136~0, LightFixture><182.4831><569.3007><RedLight~17.32051~-10~16, LightFixture><408.4392><260.9351><RedLight~-11.6795~84~23, WallMycelia><919.0181><644.4492><-62~-122, LightSource><1043.502><-3.300018><0.5108696~EffectColor1~-424~238~-262~157.6025~0~0~None~0~0, 
AmbientSounds: OMNI><AM_IND-SuperStructure.ogg><828.1504><588.8682><0.2934783><0.9608696, OMNI><am_ind-deephum.ogg><828.2239><437.1983><0.4891304><1, 
FadePalette: 17, 0.9021739
