DangerType: None
RainIntensity: 0
RumbleIntensity: 0
Clouds: 1
Palette: 18
Effects: ZeroG-1-21-76, ZeroGSpecks-0.3152174-20-20, SunBlock-1-282-19, 
PlacedObjects: PWLightrod><891.4697><612.9477><-27.6795~-366~0.6304348~225~800~0.5869565~1~0.4456522~0~1~0.173913~0, PWLightrod><329><51><-336.6795~34~0.6304348~225~800~0.5760869~1~0.4456522~0~1~0.4456522~0~1~0.173913~0, PWLightrod><1001><469><-307.6795~-93~0.6304348~225~800~0.5869565~1~0.4456522~0~1~0.173913~0~1~0.4456522~0, LightFixture><181.4831><425.3007><RedLight~17.32051~-10~6, LightFixture><450.4392><331.9351><RedLight~17.32051~-10~23, WallMycelia><1023.018><597.4492><-67~-118, 
FadePalette: 17, 0.8913044
