DangerType: None
RainIntensity: 0
RumbleIntensity: 0
Clouds: 1
Palette: 24
EffectColorA: 20
EffectColorB: 5
Effects: ZeroG-1-21-76, ZeroGSpecks-0.3152174-20-20, SunBlock-1-282-19, 
PlacedObjects: PWLightrod><997.4697><718.9477><-127.6794~-436~0.6304348~225~800~0.5869565~1~0.4456522~0~1~0.173913~0~1~0.173913~0~1~0.173913~0~1~0.4456522~0~1~0.173913~0~1~0.173913~0~1~0.173913~0, PWLightrod><434><155><-336.6795~34~0.6304348~225~304.3478~0.5760869~1~0.4456522~0~1~0.4456522~0~1~0.173913~0~1~0.173913~0~1~0.173913~0~1~0.4456522~0~1~0.173913~0~1~0.173913~0~1~0.173913~0, PWLightrod><1001><469><-379.6795~-35~0.6304348~225~800~0.5869565~1~0.4456522~0~1~0.173913~0~1~0.4456522~0~1~0.173913~0~1~0.1739129~0~1~0.4456522~0~1~0.1739129~0~1~0.1739129~0~1~0.1739136~0, LightFixture><191.4831><537.3007><RedLight~17.32051~-10~16, LightFixture><389.4392><250.9351><RedLight~-11.6795~84~23, WallMycelia><940.0181><653.4492><-62~-122, LightSource><1038.502><5.699982><0.423913~EffectColor1~-424~238~-262~157.6025~0~0~None~0~0, 
AmbientSounds: OMNI><AM_IND-SuperStructure.ogg><828.1504><588.8682><0.2934783><0.9608696, 
FadePalette: 17, 0.9021739